NOWIPD:65
mmr:-6.39456_mml:-65.9184_IPD:-7.31292
