NOWIPD:65
mmr:-2.17687_mml:-66.8027_IPD:-3.97959
